2026-04-13 19:15:47.477643 INFO::Writing function arguments to log file
2026-04-13 19:15:47.47814 DEBUG::Function arguments
2026-04-13 19:15:47.478309 DEBUG::Output folder: output/16s_Maaslin/9_16s_Maaslin2_DINP_high_wk40
2026-04-13 19:15:47.478448 DEBUG::Min Abundance: 0.000100
2026-04-13 19:15:47.478584 DEBUG::Min Prevalence: 0.100000
2026-04-13 19:15:47.47871 DEBUG::Normalization: NONE
2026-04-13 19:15:47.478829 DEBUG::Transform: AST
2026-04-13 19:15:47.478952 DEBUG::Analysis method: LM
2026-04-13 19:15:47.479074 DEBUG::Max significance: 0.250000
2026-04-13 19:15:47.479204 DEBUG::Random effects: replicate
2026-04-13 19:15:47.479333 DEBUG::Fixed effects: exposure,culture_day,exposure:culture_day
2026-04-13 19:15:47.479462 DEBUG::Correction method: BH
2026-04-13 19:15:47.479584 DEBUG::Standardize: TRUE
2026-04-13 19:15:47.479704 DEBUG::Cores: 1
2026-04-13 19:15:47.479839 INFO::Verifying options selected are valid
2026-04-13 19:15:47.480197 INFO::Determining format of input files
2026-04-13 19:15:47.480537 INFO::Input format is data samples as rows and metadata samples as rows
2026-04-13 19:15:47.480955 DEBUG::The following samples were found to have features but no metadata. They will be removed. DINP_high_wk40_inoculum_d0_A,DINP_high_wk40_inoculum_d0_B,DINP_high_wk40_inoculum_d0_D,DINP_high_wk40_inoculum_d0_E,DINP_high_wk40_inoculum_d0_F,DINP_high_wk40_inoculum_d0_G
2026-04-13 19:15:47.481107 DEBUG::A total of 28 samples were found in both the data and metadata
2026-04-13 19:15:47.481221 DEBUG::Reordering data/metadata to use same sample ordering
2026-04-13 19:15:47.481702 WARNING::Feature name not found in metadata so not applied to formula as fixed effect: exposure:culture_day
2026-04-13 19:15:47.482195 INFO::Formula for random effects: expr ~ (1 | replicate)
2026-04-13 19:15:47.482583 INFO::Formula for fixed effects: expr ~  exposure + culture_day
2026-04-13 19:15:47.483095 INFO::Filter data based on min abundance and min prevalence
2026-04-13 19:15:47.483419 INFO::Total samples in data: 28
2026-04-13 19:15:47.483721 INFO::Min samples required with min abundance for a feature not to be filtered: 2.800000
2026-04-13 19:15:47.484459 INFO::Total filtered features: 32
2026-04-13 19:15:47.484775 INFO::Filtered feature names from abundance and prevalence filtering: ASV040, ASV053, ASV062, ASV065, ASV070, ASV075, ASV077, ASV080, ASV082, ASV083, ASV084, ASV085, ASV087, ASV088, ASV091, ASV092, ASV093, ASV098, ASV099, ASV102, ASV106, ASV108, ASV111, ASV114, ASV115, ASV121, ASV123, ASV126, ASV134, ASV136, ASV142, ASV153
2026-04-13 19:15:47.485603 INFO::Total filtered features with variance filtering: 0
2026-04-13 19:15:47.485923 INFO::Filtered feature names from variance filtering:
2026-04-13 19:15:47.486241 INFO::Running selected normalization method: NONE
2026-04-13 19:15:47.48655 INFO::Applying z-score to standardize continuous metadata
2026-04-13 19:15:47.487724 INFO::Running selected transform method: AST
2026-04-13 19:15:47.488438 INFO::Running selected analysis method: LM
2026-04-13 19:15:47.488998 INFO::Fitting model to feature number 1, ASV001
2026-04-13 19:15:47.506833 INFO::Fitting model to feature number 2, ASV002
2026-04-13 19:15:47.523483 INFO::Fitting model to feature number 3, ASV003
2026-04-13 19:15:47.539673 INFO::Fitting model to feature number 4, ASV004
2026-04-13 19:15:47.556226 INFO::Fitting model to feature number 5, ASV005
2026-04-13 19:15:47.57245 INFO::Fitting model to feature number 6, ASV006
2026-04-13 19:15:47.588627 INFO::Fitting model to feature number 7, ASV007
2026-04-13 19:15:47.604479 INFO::Fitting model to feature number 8, ASV008
2026-04-13 19:15:47.628007 INFO::Fitting model to feature number 9, ASV009
2026-04-13 19:15:47.644403 INFO::Fitting model to feature number 10, ASV010
2026-04-13 19:15:47.660541 INFO::Fitting model to feature number 11, ASV011
2026-04-13 19:15:47.676946 INFO::Fitting model to feature number 12, ASV012
2026-04-13 19:15:47.69344 INFO::Fitting model to feature number 13, ASV013
2026-04-13 19:15:47.709758 INFO::Fitting model to feature number 14, ASV014
2026-04-13 19:15:47.727147 INFO::Fitting model to feature number 15, ASV015
2026-04-13 19:15:47.746126 INFO::Fitting model to feature number 16, ASV016
2026-04-13 19:15:47.769792 INFO::Fitting model to feature number 17, ASV017
2026-04-13 19:15:47.789175 INFO::Fitting model to feature number 18, ASV018
2026-04-13 19:15:47.805564 INFO::Fitting model to feature number 19, ASV019
2026-04-13 19:15:47.821772 INFO::Fitting model to feature number 20, ASV020
2026-04-13 19:15:47.838003 INFO::Fitting model to feature number 21, ASV021
2026-04-13 19:15:47.870151 INFO::Fitting model to feature number 22, ASV022
2026-04-13 19:15:47.897272 INFO::Fitting model to feature number 23, ASV023
2026-04-13 19:15:47.913954 INFO::Fitting model to feature number 24, ASV024
2026-04-13 19:15:47.930084 INFO::Fitting model to feature number 25, ASV025
2026-04-13 19:15:47.952407 INFO::Fitting model to feature number 26, ASV027
2026-04-13 19:15:47.970735 INFO::Fitting model to feature number 27, ASV028
2026-04-13 19:15:47.988831 INFO::Fitting model to feature number 28, ASV029
2026-04-13 19:15:48.005709 INFO::Fitting model to feature number 29, ASV030
2026-04-13 19:15:48.021798 INFO::Fitting model to feature number 30, ASV032
2026-04-13 19:15:48.038247 INFO::Fitting model to feature number 31, ASV033
2026-04-13 19:15:48.054807 INFO::Fitting model to feature number 32, ASV034
2026-04-13 19:15:48.070938 INFO::Fitting model to feature number 33, ASV035
2026-04-13 19:15:48.086922 INFO::Fitting model to feature number 34, ASV036
2026-04-13 19:15:48.11073 INFO::Fitting model to feature number 35, ASV037
2026-04-13 19:15:48.126975 INFO::Fitting model to feature number 36, ASV038
2026-04-13 19:15:48.143169 INFO::Fitting model to feature number 37, ASV039
2026-04-13 19:15:48.159453 INFO::Fitting model to feature number 38, ASV041
2026-04-13 19:15:48.175824 INFO::Fitting model to feature number 39, ASV042
2026-04-13 19:15:48.19215 INFO::Fitting model to feature number 40, ASV043
2026-04-13 19:15:48.208387 INFO::Fitting model to feature number 41, ASV044
2026-04-13 19:15:48.224704 INFO::Fitting model to feature number 42, ASV045
2026-04-13 19:15:48.245638 INFO::Fitting model to feature number 43, ASV046
2026-04-13 19:15:48.264568 INFO::Fitting model to feature number 44, ASV048
2026-04-13 19:15:48.280783 INFO::Fitting model to feature number 45, ASV049
2026-04-13 19:15:48.296967 INFO::Fitting model to feature number 46, ASV051
2026-04-13 19:15:48.314009 INFO::Fitting model to feature number 47, ASV055
2026-04-13 19:15:48.330463 INFO::Fitting model to feature number 48, ASV056
2026-04-13 19:15:48.346683 INFO::Fitting model to feature number 49, ASV058
2026-04-13 19:15:48.362825 INFO::Fitting model to feature number 50, ASV059
2026-04-13 19:15:48.378809 INFO::Fitting model to feature number 51, ASV061
2026-04-13 19:15:48.402137 INFO::Fitting model to feature number 52, ASV063
2026-04-13 19:15:48.418943 INFO::Fitting model to feature number 53, ASV066
2026-04-13 19:15:48.435228 INFO::Fitting model to feature number 54, ASV067
2026-04-13 19:15:48.451411 INFO::Fitting model to feature number 55, ASV068
2026-04-13 19:15:48.467688 INFO::Fitting model to feature number 56, ASV069
2026-04-13 19:15:48.484212 INFO::Fitting model to feature number 57, ASV071
2026-04-13 19:15:48.500543 INFO::Fitting model to feature number 58, ASV072
2026-04-13 19:15:48.516859 INFO::Fitting model to feature number 59, ASV073
2026-04-13 19:15:48.537052 INFO::Fitting model to feature number 60, ASV079
2026-04-13 19:15:48.557058 INFO::Fitting model to feature number 61, ASV081
2026-04-13 19:15:48.574407 INFO::Fitting model to feature number 62, ASV086
2026-04-13 19:15:48.590729 INFO::Fitting model to feature number 63, ASV090
2026-04-13 19:15:48.607112 INFO::Fitting model to feature number 64, ASV095
2026-04-13 19:15:48.623631 INFO::Fitting model to feature number 65, ASV097
2026-04-13 19:15:48.640239 INFO::Fitting model to feature number 66, ASV105
2026-04-13 19:15:48.661109 INFO::Counting total values for each feature
2026-04-13 19:15:48.66379 INFO::Writing filtered data to file output/16s_Maaslin/9_16s_Maaslin2_DINP_high_wk40/features/filtered_data.tsv
2026-04-13 19:15:48.665398 INFO::Writing filtered, normalized data to file output/16s_Maaslin/9_16s_Maaslin2_DINP_high_wk40/features/filtered_data_norm.tsv
2026-04-13 19:15:48.666782 INFO::Writing filtered, normalized, transformed data to file output/16s_Maaslin/9_16s_Maaslin2_DINP_high_wk40/features/filtered_data_norm_transformed.tsv
2026-04-13 19:15:48.668371 INFO::Writing residuals to file output/16s_Maaslin/9_16s_Maaslin2_DINP_high_wk40/fits/residuals.rds
2026-04-13 19:15:48.669214 INFO::Writing fitted values to file output/16s_Maaslin/9_16s_Maaslin2_DINP_high_wk40/fits/fitted.rds
2026-04-13 19:15:48.669998 INFO::Writing extracted random effects to file output/16s_Maaslin/9_16s_Maaslin2_DINP_high_wk40/fits/ranef.rds
2026-04-13 19:15:48.670528 INFO::Writing all results to file (ordered by increasing q-values): output/16s_Maaslin/9_16s_Maaslin2_DINP_high_wk40/all_results.tsv
2026-04-13 19:15:48.671588 INFO::Writing the significant results (those which are less than or equal to the threshold of 0.250000 ) to file (ordered by increasing q-values): output/16s_Maaslin/9_16s_Maaslin2_DINP_high_wk40/significant_results.tsv
2026-04-13 19:15:48.67234 INFO::Writing heatmap of significant results to file: output/16s_Maaslin/9_16s_Maaslin2_DINP_high_wk40/heatmap.pdf
2026-04-13 19:15:48.691968 INFO::Writing association plots (one for each significant association) to output folder: output/16s_Maaslin/9_16s_Maaslin2_DINP_high_wk40
2026-04-13 19:15:48.693032 INFO::Plotting associations from most to least significant, grouped by metadata
2026-04-13 19:15:48.693431 INFO::Plotting data for metadata number 1, culture_day
2026-04-13 19:15:48.694034 INFO::Creating boxplot for categorical data, culture_day vs ASV072
2026-04-13 19:15:48.800405 INFO::Creating boxplot for categorical data, culture_day vs ASV027
2026-04-13 19:15:48.895445 INFO::Creating boxplot for categorical data, culture_day vs ASV035
2026-04-13 19:15:48.980779 INFO::Creating boxplot for categorical data, culture_day vs ASV039
2026-04-13 19:15:49.075323 INFO::Creating boxplot for categorical data, culture_day vs ASV007
2026-04-13 19:15:49.169519 INFO::Creating boxplot for categorical data, culture_day vs ASV018
2026-04-13 19:15:49.254058 INFO::Creating boxplot for categorical data, culture_day vs ASV002
2026-04-13 19:15:49.348423 INFO::Creating boxplot for categorical data, culture_day vs ASV030
2026-04-13 19:15:49.44275 INFO::Creating boxplot for categorical data, culture_day vs ASV034
2026-04-13 19:15:49.529403 INFO::Creating boxplot for categorical data, culture_day vs ASV024
2026-04-13 19:15:49.623192 INFO::Creating boxplot for categorical data, culture_day vs ASV012
2026-04-13 19:15:49.717291 INFO::Creating boxplot for categorical data, culture_day vs ASV045
2026-04-13 19:15:49.802397 INFO::Creating boxplot for categorical data, culture_day vs ASV016
2026-04-13 19:15:49.896753 INFO::Creating boxplot for categorical data, culture_day vs ASV048
2026-04-13 19:15:49.992182 INFO::Creating boxplot for categorical data, culture_day vs ASV056
2026-04-13 19:15:50.083982 INFO::Creating boxplot for categorical data, culture_day vs ASV006
2026-04-13 19:15:50.170389 INFO::Creating boxplot for categorical data, culture_day vs ASV090
2026-04-13 19:15:50.263125 INFO::Creating boxplot for categorical data, culture_day vs ASV055
2026-04-13 19:15:50.356888 INFO::Creating boxplot for categorical data, culture_day vs ASV023
2026-04-13 19:15:50.44495 INFO::Creating boxplot for categorical data, culture_day vs ASV073
2026-04-13 19:15:50.5346 INFO::Creating boxplot for categorical data, culture_day vs ASV071
2026-04-13 19:15:50.627339 INFO::Creating boxplot for categorical data, culture_day vs ASV041
2026-04-13 19:15:50.720908 INFO::Creating boxplot for categorical data, culture_day vs ASV021
2026-04-13 19:15:50.811747 INFO::Creating boxplot for categorical data, culture_day vs ASV029
2026-04-13 19:15:50.899611 INFO::Creating boxplot for categorical data, culture_day vs ASV068
2026-04-13 19:15:50.992355 INFO::Creating boxplot for categorical data, culture_day vs ASV086
2026-04-13 19:15:51.086242 INFO::Creating boxplot for categorical data, culture_day vs ASV009
2026-04-13 19:15:51.178937 INFO::Creating boxplot for categorical data, culture_day vs ASV063
2026-04-13 19:15:51.267924 INFO::Creating boxplot for categorical data, culture_day vs ASV044
2026-04-13 19:15:51.356784 INFO::Creating boxplot for categorical data, culture_day vs ASV095
2026-04-13 19:15:51.483342 INFO::Creating boxplot for categorical data, culture_day vs ASV008
2026-04-13 19:15:51.580488 INFO::Creating boxplot for categorical data, culture_day vs ASV051
2026-04-13 19:15:51.666262 INFO::Creating boxplot for categorical data, culture_day vs ASV015
2026-04-13 19:15:51.762059 INFO::Creating boxplot for categorical data, culture_day vs ASV081
2026-04-13 19:15:51.857679 INFO::Creating boxplot for categorical data, culture_day vs ASV067
2026-04-13 19:15:51.948843 INFO::Creating boxplot for categorical data, culture_day vs ASV028
2026-04-13 19:15:52.040812 INFO::Creating boxplot for categorical data, culture_day vs ASV020
2026-04-13 19:15:52.136621 INFO::Creating boxplot for categorical data, culture_day vs ASV005
2026-04-13 19:15:52.232781 INFO::Creating boxplot for categorical data, culture_day vs ASV032
2026-04-13 19:15:52.318882 INFO::Creating boxplot for categorical data, culture_day vs ASV001
2026-04-13 19:15:53.176925 INFO::Plotting data for metadata number 2, exposure
2026-04-13 19:15:53.177882 INFO::Creating boxplot for categorical data, exposure vs ASV028
